01234
50345
60734
20000
10000
8000
6000
7000
15811
21491
15029
11229
17432
24334
29978
11345
19402
19552
23672
26991
11026
32066
25922
13996
15050
26774
19974
14046
10896
14672
12773
21939
18889
11270
27116
22776
20352
30046
14652
11126
28095
29172
27033
25011
16317
25143
25887
18037
16601
10410
10069
12922
25183
13672
18401
10626
12437
14133
12583
10521
13228
26395
19867
10704
22208
11211
12615
16695
17007
24239
18627
17217
18420
14406
12911
22922
10289
11318
12141
15812
16937
21082
11539
12410
23216
21632
17567
27009
20201
12265
22328
21263
22744
17507
16271
23307
15785
16310
16833
23893
18283
10354
31888
28668
17315
30738
17366
14109
13613
25881
27220
10676
12630
13815
19049
12028
22353
29317
16517
14872
14912
14069
12032
11191
13349
15998
15418
16882
25079
27156
27982
12472
27861
28732
10672
17617
16895
16838
25355
23087
31478
10921
14143
25398
16805
12501
13488
24719
12286
31027
12943
26105
20493
19363
27681
15248
16503
15512
28002
12963
20325
15063
10102
23410
24893
21232
12761
28046
14816
22128
19566
19324
25006
27610
23114
21022
11066
25541
19509
26221
12722
12797
23635
31139
19905
11094
12609
11841
13267
12188
18046
24535
20745
18795
29693
31737
29055
14709
14742
11536
11941
16969
19272
12992
19664
12209
22891
19921
12181
22228
10763
15590
31402
16364
10147
17676
14935
23368
11014
10817
29299
29353
18289
11098
18787
23156
20389
28917
11493
13056
20917
17243
27487
32782
15287
11071
10722
17103
11954
17606
15653
21362
10215
26227
18150
11828
20247
18992
23105
16132
13383
31003
22489
17193
25242
18972
12877
17114
10327
10531
15420
19854
10080
19218
13290
24634
17476
18863
10194
17355
22915
13765
13542
10649
15568
13606
23463
10245
24441
27742
27177
23671
16792
16776
16013
17603
18939
23455
28803
22934
13953
17687
12803
14491
25089
26186
16245
13416
15425
12673
18446
11470
15149
21624
13513
11935
12217
13737
10035
19736
28698
23511
24861
11385
15747
21852
23925
13777
26016
33550
14140
16622
15906
14812
18539
23761
16964
21800
18520
19927
14505
12378
26271
19944
17055
14011
17627
21662
17981
16502
14459
11748
22727
14418
14571
10775
10139
27001
21189
28716
22384
16413
12017
10941
15025
16289
11480
14883
12718
20197
24476
14096
27621
16079
12986
11892
27401
13285
17562
26022
22237
14788
26376
10478
14632
25859
17735
20482
15659
10351
17237
11609
23807
12159
17342
16743
13970
22015
13101
23035
26293
26318
15649
11933
12387
13800
20076
21481
31450
17585
15585
21578
22525
16977
13750
24119
15136
13378
16932
12825
17913
18800
17666
10985
25664
17700
27327
20038
14724
10439
24650
10154
10040
14042
19494
23065
13438
15370
23046
18139
13645
10429
10916
14277
13656
31043
16869
10489
30115
11596
28054
18548
12045
19555
28594
25693
24511
29692
24777
19967
19542
30659
28236
15911
22644
26914
11273
15945
12614
16032
16089
10730
25882
20758
18479
15207
12243
15794
30095
26454
29590
11032
14637
30430
30167
10018
10409
16661
22390
16449
22780
16989
19110
14369
24307
27286
21809
29772
10709
15844
27300
29183
17672
15672
20714
18007
14041
22464
23058
27999
13983
19148
21661
29980
12199
21705
17718
17768
27139
16216
27450
15067
10685
17412
16246
22659
13598
20746
19581
13146
12444
14051
14391
30886
15416
17814
14407
18342
17265
18202
18850
23705
26209
29864
30899
22083
28916
19226
18535
13218
18857
12091
24375
23958
17958
14846
15583
14832
13785
13922
21669
11407
16179
15765
10332
13829
26807
19284
13853
24370
14971
21499
16281
10965
10170
30615
14339
28736
24449
24312
29239
11040
15629
13654
16788
18813
24107
14026
25647
24332
21384
19696
24751
12576
18995
13141
10831
22422
27923
14513
23914
25380
14053
13578
18777
19643
22074
14431
21273
30189
19716
18350
19367
20571
28902
25718
13393
17966
10153
27128
19407
25850
27803
29419
28556
25591
13446
12196
17134
16160
16736
11628
21882
18456
20962
19381
10776
21750
18069
24554
26873
15915
16293
24565
10752
22039
10127
20804
15272
26729
17590
26444
14400
10217
19607
11581
11855
20009
12416
17044
32100
14150
22571
19735
19461
13596
13936
10307
21555
14494
18295
28397
10604
18209
20500
33023
12664
33178
30715
26876
12555
14036
14283
16423
28911
21531
11793
19281
11435
16546
11116
14989
16580
18268
13710
13900
16182
12433
11767
28989
10858
13036
13005
18311
13433
15827
11974
19220
13018
16431
26201
21328
21216
24241
13265
33496
25040
32603
16650
10821
18110
27766
13398
17074
15576
21731
20947
12320
11263
22357
18204
14820
13901
25849
19454
28580
15158
11295
14567
15950
16912
32343
18967
11423
13238
12694
14441
31866
19626
26203
21020
15446
15077
18512
22245
14587
33898
10606
31703
20114
24499
21331
18556
18658
10507
11171
11783
25557
17678
10750
18606
26647
18976
13866
24386
23174
25684
27019
15758
22311
31914
21815
21869
27730
22857
12519
10887
22568
12042
12950
17325
26365
11686
22289
17119
24987
19329
13869
13790
15238
10135
17254
17328
11099
20162
27752
27901
24240
13264
23353
14029
23393
15361
23362
10443
17985
18864
26118
14758
22414
29704
14910
15862
15867
26660
20525
25174
10272
24047
20193
14973
15730
26556
10806
12456
22282
14499
25056
12268
15075
25249
24324
21468
22070
14955
15887
32443
22024
20343
25984
14944
27107
19847
29653
10960
11149
10852
15231
20624
26487
12681
22435
25360
11511
21400
20269
25814
16458
13878
19784
14249
12356
15039
25157
14480
27340
13406
24164
13189
17588
27634
20681
19427
29084
15116
25915
20991
15564
11421
21617
13236
24997
17828
12155
11158
19392
11393
16207
10233
30061
18802
28518
20051
15547
23496
20226
12686
28963
21793
10375
13222
17140
23889
16628
13272
24437
18470
29074
31798
26821
28678
16614
18639
11459
16677
13694
15833
24055
14215
15220
13599
16925
10585
10827
20002
22007
30795
11154
16609
12703
17505
12084
20851
13679
18679
11569
18383
14428
28133
19345
26253
24017
12957
12164
11130
16951
25215
34150
10218
22155
11224
10888
13014
20191
14761
17996
23235
23233
14573
20857
10597
17938
21922
17166
13918
14465
26120
16291
26907
11773
12737
29017
15554
25501
13757
21160
18225
24495
30315
16313
14198
26595
19796
19882
13524
17189
27010
16483
12430
17717
17629
21184
21096
16108
12655
14334
19789
11776
27280
16602
19258
14017
15306
31909
13426
15069
17853
18818
14425
23016
15630
16495
14772
14246
11396
28207
15839
22304
10074
14693
12807
10177
25232
19766
24382
27313
17106
11496
29446
22478
18551
15419
30916
32400
15310
32988
11162
23165
32867
13776
13705
22474
13554
10485
12100
25710
22172
17396
13574
21192
14054
20371
10596
11351
16907
12315
25470
14660
16639
16304
12918
15536
23963
20840
20464
23680
26050
15079
16199
19253
29922
13084
12405
17178
21592
14823
10308
24640
10733
21366
12984
26808
24767
14998
19940
14114
14496
11805
24525
12288
21392
19578
13716
28158
13601
11554
22906
26827
17224
22905
30786
12880
14627
24881
27792
22022
19746
15857
25413
14845
18851
14794
10770
27523
21379
25172
15642
13590
14896
14923
15841
30481
16581
23618
18184
19035
14964
11381
10511
11389
14285
20129
19065
15106
20620
21241
27359
18169
23696
10728
12821
25898
18429
12454
21423
15779
18945
13359
13635
31244
33116
14602
27508
19309
24151
25556
24902
13402
11439
24011
23602
20560
11213
25120
21055
10267
24629
24932
18903
12549
23363
10815
10053
14182
26161
17858
15237
17770
21482
20310
21294
13194
11219
11072
24075
28431
26849
15636
11626
15172
19973
14364
19526
30698
14867
11525
26645
27192
11679
24611
26959
12115
12326
28498
26106
27552
14238
23141
29516
13179
21411
16186
19159
17126
23251
19374
26706
29038
11121
20564
14016
15324
12979
22601
23835
11743
12275
11684
18385
24867
16151
25734
18425
29615
27363
12204
13439
31331
12873
19283
19721
26939
13860
11887
18731
22749
29901
27966
19871
20522
10109
24687
12363
10134
29107
14450
11262
10248
24233
15463
15932
14510
11606
32645
12296
13915
14444
11239
19153
27271
18440
16813
25239
12139
18953
16911
14686
14536
25332
11339
11968
11833
17357
15516
19421
12471
13887
32466
25341
12301
12713
28529
23717
28151
30141
21549
22552
23103
19129
13411
12104
12230
10312
26215
10647
25582
11052
12274
26374
14892
16114
17343
20977
31555
24284
18301
16859
27720
20214
22756
11724
17592
19315
26332
27683
26237
14022
10458
20289
18845
15901
11168
11259
29233
19640
13316
14213
14134
33154
17556
12869
14580
20208
12130
11256
11354
14787
31256
12764
23470
11027
24131
10022
12069
18522
16620
10658
31122
20670
12562
17294
15031
20119
21226
29557
16361
14838
22397
27140
13649
24550
11708
12351
23899
14958
18179
22963
26833
13760
21095
15973
20084
21200
13466
11759
16696
30574
16524
22445
13500
26509
14412
14634
11967
31205
14859
10432
19909
20340
20876
21948
10189
29988
14556
10978
16230
12285
11695
13657
18042
11335
22888
17220
25942
22948
22421
29583
23765
14913
10224
29067
10480
15468
30741
11859
21747
13094
10715
13643
34207
26760
19619
18273
17821
28827
18461
12182
11534
13139
16489
10526
31289
18258
22705
24815
12517
23359
24279
20921
10536
18101
20033
24314
18541
12812
17746
20147
17204
17324
12380
20950
23901
17208
11909
12371
25655
23002
19779
14100
16959
17059
10011
13857
23134
14305
22719
15396
16655
18310
25023
13448
11761
21971
11370
16094
18681
11802
32828
25415
20410
12947
19304
11955
24693
11274
11795
25042
27943
22118
21910
26955
21680
22189
18986
15686
11627
12227
12782
10183
15832
11881
17974
19729
26304
20434
15509
28080
16455
14763
14164
12086
27475
26703
19597
26056
11484
28094
10568
16144
13293
18400
30133
17082
19660
20695
15708
29734
14941
28485
20777
18578
16076
26523
14707
31842
14202
32562
23700
13067
13489
17461
17198
16761
11501
27498
13664
30110
15451
17109
28786
13684
13591
20709
11962
19849
12024
12715
22161
10952
22271
20390
20103
25272
23860
21074
22564
15192
15258
15569
19293
13948
17161
25269
10727
11839
21840
24115
24947
28932
15433
26434
10320
11310
15848
23741
19076
10161
25034
19832
12450
23278
15379
25313
12786
18159
10390
10725
27851
31557
22964
17034
18855
19357
17693
16832
17310
17443
15952
23969
10325
13480
21128
15226
28625
12731
28355
16298
12340
13842
25299
15351
11293
15403
32196
10954
25350
12359
14925
15208
25322
25590
24806
12539
18609
14703
12487
16857
20133
10237
26497
22065
12287
21043
14335
22286
24226
27894
15548
10476
20719
20378
18279
16548
16886
17639
23221
14124
16387
24270
18397
10875
32641
10797
11603
29678
14956
16012
19295
13733
15045
12712
16518
14321
11978
26196
18239
19261
20067
13630
15342
12074
14548
21032
10633
19826
16240
18674
16765
32571
24028
27136
18887
26794
17282
18603
25190
18724
11021
13993
29210
27239
21319
13242
25896
10552
20058
25197
23814
19237
10998
17990
22098
16871
19878
15004
20387
17745
19463
10104
14251
13575
19187
20830
25827
14458
23342
19095
14359
25725
27598
26752
22520
15266
16473
21855
29944
28527
18960
18698
10498
10593
28901
11442
28711
15382
26142
25517
14690
10948
33860
19246
10643
15651
14532
10398
13995
10090
21429
18107
28859
15485
21502
17912
22450
19395
25895
12009
10370
15822
16800
30621
29761
11353
19305
10516
15126
21994
23594
20243
19156
24328
13528
10732
14559
10717
14540
15962
22577
13931
21458
21595
16026
11551
23851
10569
17609
11314
16405
11289
23580
10078
18031
21470
24251
11306
20896
15943
12270
30684
28637
16727
28015
14392
13739
11077
17385
12249
10809
15381
19803
23729
24846
12746
15764
27867
23379
13531
22203
19042
10461
14921
20185
20375
16923
10211
12101
17530
16238
28297
16847
17384
24071
20106
31813
15235
18649
14079
24689
10660
25491
10810
15345
17956
14288
12791
14588
30329
15251
13462
27262
16154
17448
26879
12716
11368
12096
20222
12929
14808
18020
13670
12962
20364
12934
27723
25568
11469
23798
30674
10693
26683
10615
23946
13795
16807
17400
22482
11745
23749
23504
14448
30296
21440
15624
14614
15316
13010
30961
16162
27444
28383
10195
16342
26718
29710
23966
17406
19143
12439
28204
21104
25005
19752
22138
11352
24978
25050
19987
17582
29089
27365
23620
11033
12385
14260
18531
12707
12872
14085
16479
11705
27437
10974
12996
18559
18104
19453
24578
21851
25259
28210
14157
33412
20025
17926
12319
15663
10282
13350
22075
11986
17438
10196
20586
13546
18983
13373
29219
10197
27248
12593
16824
18234
11156
28163
18004
18086
16921
17446
21146
11587
12368
21963
26611
28817
13030
19681
15869
27670
31604
22179
20432
23628
29281
16448
15103
18807
24583
20928
12846
20470
13724
28603
16137
12187
27108
11657
13908
25863
18585
11637
24215
18382
28181
21048
16686
10168
13926
20283
11487
23661
21844
26900
22510
19446
17540
22211
14353
14522
27274
18421
25275
18075
14826
12065
19756
11884
17036
29968
31494
16285
12202
34398
13379
29600
17659
25202
13455
11208
17645
29781
15599
24857
16116
10234
23607
14994
31180
13667
20153
18457
17722
12793
21834
18749
15372
25619
11895
17499
29500
10122
15407
15013
10426
22114
25404
12347
19256
26749
16729
29187
23689
20655
25420
30015
12824
11376
17552
10959
23711
16319
11824
23402
14919
20764
14565
19202
22826
16741
10483
30429
21918
12062
14060
16540
10250
11631
23416
21897
17488
13040
11062
20423
12966
13348
23282
16928
20072
15413
16721
20313
21955
16059
10571
25340
26247
21035
17781
19103
21089
13037
12908
20104
16434
14847
11694
11869
10203
14025
13767
16564
17763
18248
11790
11597
25549
20258
16325
18173
10466
15683
21215
12818
16780
17374
12157
10993
10992
18934
25724
11214
21044
15771
13481
11565
33331
12072
23555
34080
20871
19671
17621
17091
22122
23196
15968
25990
14924
22054
13283
11846
12491
22844
14646
14116
10837
29953
13044
22206
11355
16855
10236
19818
17633
11102
10041
24567
14186
10235
22795
12778
16312
21356
19684
14188
16044
13214
17937
21023
14544
20909
20954
14857
16121
31360
12814
21432
12426
17921
23049
26603
18474
20398
24063
19178
14502
10625
12015
11732
22639
19006
14144
22466
13074
25243
27935
11916
10222
14344
13211
17321
14623
13824
17425
14886
14455
13054
14950
13289
16404
30125
19373
25703
27185
20324
21154
22441
23610
11849
13297
21265
26672
16708
11625
13329
16943
19980
23488
17968
17308
30030
24162
32960
11518
16265
18452
25204
23388
20345
20937
14728
21454
15929
21415
14620
19173
19954
17104
21087
14497
21588
22472
11629
10473
16126
27074
18095
12977
13655
22418
23429
17453
20895
16252
23263
11739
16797
10926
11520
14207
11019
34514
11904
17167
12523
22539
10773
14091
13028
24394
13998
10899
15242
11476
10546
22263
29025
15072
17469
13271
30608
22874
14967
16406
24213
15982
14642
22106
13566
16411
19398
13699
23666
11813
11572
22533
24247
30940
25177
28758
22490
32692
14733
13806
10047
32731
25225
18694
10006
17753
16284
11537
10175
22258
26505
13690
28484
13269
16752
30904
29335
26091
11613
16254
15526
15184
20943
32750
14273
30877
14983
22163
15903
24197
12864
16376
23665
15692
11975
22808
19489
12304
29370
19377
11712
29236
16818
19063
27554
20333
19195
31989
32158
21208
31340
12820
27888
18909
21372
13896
17883
12459
12401
21850
20985
16175
26172
12496
18117
14593
21321
30387
14294
24010
16169
15308
19579
19933
23361
16846
21975
13749
19011
13893
30805
10979
11768
18437
11980
32193
13608
15261
18359
12741
16034
23622
11375
14231
32242
23818
17947
17000
16648
17546
13550
13628
10854
15355
16210
13717
19633
32305
12857
12061
13099
17479
26541
14538
21673
25837
19576
16994
13912
13536
13553
20538
23242
20135
13412
20279
10232
27050
25542
13754
16381
28388
11577
14904
22595
20989
13653
24502
19900
18706
22866
15987
19728
30604
17416
15282
16217
31253
17868
12151
17867
12485
17154
15954
12057
13259
14803
31174
13682
33954
30319
20841
17211
14673
18485
23220
10654
25438
10198
18217
19894
12816
13284
27163
11044
18542
25480
20401
14852
13185
18631
21538
18005
10357
13338
24793
15579
14286
33391
24922
17793
12511
19582
17536
12914
16585
15120
25257
32353
14487
22045
23950
20317
22429
24147
13938
13199
16384
22527
21879
10435
14160
26790
13549
14126
17160
12125
15219
23692
13677
10395
11141
13396
27947
17259
18552
17467
18052
18878
20233
34539
10212
27635
17993
27144
27345
13813
16530
14754
22984
31836
25007
17525
11643
20770
13086
10344
21991
23147
16634
17491
26036
11363
28650
20132
15697
21985
28987
28065
31826
16277
25427
23483
11996
21109
19225
10582
17803
28176
12147
12170
23577
12333
19128
15899
19500
20731
21860
17799
16019
24912
22849
19961
17433
27386
21296
14386
24703
13246
19299
18958
33796
30280
29712
19325
13619
16000
17634
24786
23010
14105
28310
18267
20453
13623
28028
12475
15875
16784
13417
12906
19902
14463
11412
10863
21258
26736
14759
16006
22123
20467
11544
26860
15882
21291
12248
28462
12832
13472
28948
12890
17663
16429
27395
27588
17216
16529
12837
20284
17334
11754
17906
10787
16053
21306
29383
24737
29430
18877
26452
15358
24095
26153
10738
11416
17041
26688
11234
27994
23533
23258
19571
19016
32540
15703
16865
11706
20154
23121
16355
18664
10187
17270
11621
26719
22366
11883
26027
21613
24180
16433
17027
19776
10049
23589
26414
17695
20136
19432
24361
19649
14834
13155
15918
19113
13836
16559
11648
21681
15102
14272
10509
12840
24843
22113
10043
21720
20344
19515
17657
21493
18010
18685
19413
14220
11667
24915
21566
12486
13254
13049
31577
31949
11689
11752
16874
29154
20506
11170
26582
16597
11818
14629
29193
22836
18621
20220
23130
18528
17062
21927
13957
30512
18062
20474
24074
18638
14034
21166
25015
10841
18157
14915
13237
26945
21579
24353
30556
14597
11780
21519
11241
29424
12111
10294
23783
13326
17323
15789
30696
14279
19213
15138
20510
10143
16889
25576
17998
13563
14554
16050
12329
11669
19083
13057
26415
23505
15834
33717
13385
11012
12465
20918
16717
13158
12571
29397
23182
14582
27577
27834
13781
22636
10112
27063
27905
11003
12965
27952
17739
13422
11922
21638
26642
16987
17033
18407
17579
15897
10746
27062
13386
12478
27388
15603
13825
18378
26514
23649
21738
18604
13091
12225
15803
17255
19347
15096
12419
10802
13662
16588
20526
12866
23027
20552
28938
20900
19531
13122
29531
10287
33228
19603
27703
10548
14169
21770
22001
11276
11047
31893
17257
19825
29481
31824
19383
25065
16393
11290
15853
12128
12990
17234
15292
13586
25037
13002
30359
13891
18695
21586
15243
11111
22834
22484
22629
19990
13807
16897
11114
22647
16850
16664
13728
19352
12648
22799
10904
12669
15195
14739
24431
15816
10518
26096
22899
29548
15488
20575
12425
15773
19811
12557
14682
10695
13126
33663
25902
12553
13133
19439
23931
12292
16511
21450
15751
14265
25432
25384
26555
17330
28220
12195
15472
18189
17942
13317
17429
30984
19005
21904
24137
14669
24192
20855
17338
25608
14549
17005
20192
25823
23862
14979
15447
21861
15190
23445
20737
13193
31165
31002
12464
23239
11430
13838
20262
17871
11822
17233
20485
28691
22337
20236
24663
17597
30233
31346
24957
14692
28269
26843
19240
15377
10504
11560
13580
18565
18785
10566
15465
15354
10001
15225
18125
12238
18133
33613
19788
23448
14331
13846
11590
23995
19709
10374
11291
21447
30008
11245
22672
11533
10758
11562
16731
11832
26328
18592
10883
11993
14518
22988
14224
11489
11298
25074
12938
29138
15522
15338
20312
20078
23231
19354
27545
14527
13183
10346
18322
15356
20969
12136
25376
26931
20293
31585
14191
20462
22375
18080
17899
13762
23375
33120
22134
15673
18414
25636
13958
23071
18828
10711
25673
18064
14570
13322
26202
18113
10348
19133
15030
18021
18689
18091
17090
18944
17473
23804
14473
12535
23907
15132
14747
11734
17012
16166
16482
26301
22053
12640
13502
16971
27698
20674
22993
24105
24688
25139
19528
24029
18242
11526
34683
12076
24656
18230
13220
15019
11907
22317
23476
17024
21546
21534
10814
13131
10467
11576
18403
12235
10421
16203
22962
22737
23155
11186
24602
18753
30637
14196
30002
22694
14665
21945
31428
15577
11946
16362
17361
20167
20990
27293
13161
27196
21176
32031
28039
12968
16485
11456
10337
24325
14226
20610
13906
24229
10054
18245
21539
33276
19851
14436
21508
18411
17903
10945
25445
14208
19206
19689
22773
24729
15389
19834
31521
10085
26402
16553
20172
10417
27513
21791
14698
15746
12075
12828
27431
19838
21067
25466
10638
11436
17303
11659
11123
18625
12749
26002
28140
31980
12165
24853
22653
24943
22557
10849
15457
21062
25018
12727
19425
25142
17877
13456
29256
12955
11634
12260
21773
11452
10413
28444
20818
23369
24569
10033
20435
17158
13514
15203
29270
14876
16605
24045
19828
21113
10577
18172
10380
16667
15727
11230
13874
11675
19561
18194
11864
11641
14005
30252
16689
24592
16420
12080
10600
10094
31079
31022
14178
13334
11457
14135
19996
11500
29812
17097
15062
24466
28502
15278
12078
31690
14675
21186
15924
28372
10264
13279
19217
28264
19320
21645
20068
18465
13660
22196
17576
17050
16464
13444
11328
14609
14319
10742
31727
18200
29714
22581
22213
19130
19669
12696
25271
15881
25804
13743
20356
10164
18778
19876
12005
34218
29204
25223
10688
15318
24022
18292
14713
12213
34318
26769
23526
13226
19152
15307
18693
17493
21889
14303
24413
13097
14718
19591
19137
21282
24825
19959
14854
13178
12587
28543
20629
10561
11483
13311
18572
23781
14149
25869
12466
10610
11183
16570
12644
12971
26006
15870
10469
10169
27571
12257
19522
25168
25025
24126
21441
20935
27984
20097
17651
13473
10097
19948
15127
21463
16669
15723
14454
26042
22150
24745
27462
10737
28370
24508
10355
34002
25389
23047
13340
26798
23732
20161
25270
18651
21764
25870
28341
12546
17214
15252
18355
23772
18643
29106
18026
23652
15155
20701
24038
20429
24403
20074
14537
26619
20027
15799
10929
10867
13805
24613
25087
12699
22051
21121
18872
21119
16187
14777
19399
16459
22725
16372
24563
19230
12808
11830
14397
11540
22667
15805
31772
14421
12445
12504
10341
18261
11601
13467
18315
13519
26065
19302
12855
21775
20604
27774
30498
20796
15218
11617
27708
10551
16327
23842
23987
25538
22145
12073
26260
23407
23887
14616
21601
24080
16192
12547
28910
18582
23421
21969
11409
20612
26316
25076
14067
30515
16398
32959
27848
32245
20789
17417
21339
29827
31974
11398
25641
20394
18055
19166
20849
29775
31310
11358
20335
25973
11115
15715
13511
33487
24733
14726
31309
25808
14058
30147
12802
15440
11155
18760
29013
14315
16577
28769
17513
19585
17573
21363
16366
18701
23139
16827
10533
10751
14235
10932
22789
21018
26184
23000
16333
17131
26317
12198
14256
15222
27783
16336
26646
27044
25097
15087
10015
12221
28309
21622
12704
18598
13153
12757
16148
16020
18126
17684
20621
24086
18093
15984
13977
11926
18696
11059
12175
21309
12338
10205
22699
27097
11498
10061
18752
12025
17975
20825
22817
23720
23856
14545
19055
14836
30179
21950
15178
19336
19889
23549
22711
10539
23828
16920
24125
26386
25460
26569
22221
11809
15412
22765
23561
25410
16759
18335
29532
21012
10588
12282
15427
11341
15143
25191
17623
17711
18492
20886
20907
11165
16645
12409
29665
14292
12413
17094
15498
23751
21788
20300
16901
14310
23018
16536
17615
18771
18177
11035
25738
11024
14563
19358
10453
16748
18162
13884
20355
20615
21395
16768
27986
17708
30144
11721
17021
10065
15492
17165
16749
17144
18339
32836
14945
22032
23204
10404
29134
18022
13485
17571
10482
13295
23289
15119
14643
28447
21756
15621
18375
10702
13034
10158
20419
11323
26695
11340
12973
22674
13251
11203
21085
29222
16184
19101
13832
20751
11991
15303
25788
13722
33782
32276
20101
12178
21029
13581
13363
12850
14398
20812
12756
23916
33312
12191
28104
29454
17347
19289
20016
27296
30212
16673
19459
13209
17017
13812
17829
12625
10871
16264
10690
17068
28872
10541
13460
10373
14326
26565
12789
16612
16841
14338
14606
18896
10573
29000
15710
22193
21981
20126
23092
30372
10449
19765
24900
10228
11268
18678
15504
19416
27623
16946
30361
24421
17667
15289
30752
15010
26412
10909
17176
11762
18153
23309
19646
11084
25101
10084
26143
12853
18719
22690
28534
12689
20579
19406
20531
29022
24796
10804
11499
16877
11938
17227
15214
15718
16573
25187
21606
32468
19020
27656
13109
25527
20723
24579
12483
11402
12309
12608
14900
23570
11514
11715
14433
22326
31617
30017
23015
23096
26450
15668
28676
11693
26267
25132
30439
22496
10241
17677
24335
31549
16881
11538
30266
14371
27827
18789
18947
11089
12019
32636
13916
27981
13345
22753
10259
24260
24677
10642
18770
20781
17891
13862
21245
13946
29797
23978
16887
13085
24873
18999
22195
15168
19914
21243
17642
22547
14123
14681
23318
10059
12534
18136
20123
28919
26075
19194
16711
26465
16402
24801
11876
15233
24710
17248
18880
24458
15613
28843
15957
24782
14600
17886
32570
21181
24889
15456
30124
16542
19022
30351
13892
11198
21408
12397
12386
17952
22535
16250
13978
29629
18185
13745
17407
21492
19860
31749
14790
31618
19468
13207
18135
27210
22586
10981
13050
15150
20881
18186
23938
33448
20596
26829
28147
31885
21355
17759
14769
25766
11133
12441
16064
32207
22939
28983
16350
21264
19118
14719
22252
10298
11728
15549
25147
15343
15757
13102
26058
24968
11082
19810
15328
14483
29019
16772
16070
23870
21689
19613
18305
19485
22411
29646
30856
22406
18919
25630
31231
29157
25370
13987
20303
14749
23437
10701
21562
31807
19047
16562
19090
28119
17808
27537
10399
18833
11269
17471
28970
22295
15572
20327
13854
10052
24504
13058
24288
31480
12894
13702
17725
28337
18018
11663
18214
15542
19760
23542
17143
17485
14783
19123
13712
20662
27421
10892
20645
19705
14404
12542
11223
15088
14586
14648
23279
10182
16763
10914
11984
15297
25824
18430
13497
22060
23518
14898
17276
10434
19575
10680
10424
16222
18928
20402
19534
10847
15304
13477
25285
28285
18922
22968
21640
30811
16414
16908
18329
16916
27379
18874
31061
21714
11591
14241
17610
10878
25745
12697
30390
14270
20819
12620
12161
22926
23143
20328
17837
12054
11333
10937
13143
13368
12120
13204
25600
26490
23072
11699
13390
16085
20513
15740
15401
21856
19949
12591
17080
17370
21880
11654
28889
17775
16058
25904
20357
20685
18868
12575
27486
17183
13990
19222
18016
17459
12777
14349
12631
13701
26542
11522
14376
16226
10309
11902
12088
16993
20056
14142
17439
16378
17726
19140
14864
24280
12939
17367
19505
20771
18238
19477
11137
16358
18155
19342
23229
17602
30582
11949
15530
19806
16445
18668
21286
29845
11898
20557
14594
13024
20383
18391
17941
12862
19695
25632
14608
26970
15330
21155
22610
21829
14764
22280
14063
13104
10697
23399
21823
25375
20835
11366
12037
19062
15992
12509
12842
15944
28654
10499
15476
10683
31351
12470
13071
16681
22589
24035
14449
22952
10779
10803
18712
29926
19033
13496
25777
21207
29581
20457
26741
14946
19018
16038
11477
17388
17548
14810
12788
15761
10502
15053
10794
12804
15110
13820
25876
13810
16501
17086
15914
11836
18147
13568
11871
15434
16594
22117
25205
16687
12769
19431
33062
16820
21110
28184
13956
25456
19539
23543
21905
10314
20178
20847
22567
11034
16769
21169
19278
18041
20521
10361
22902
21802
13772
18862
19739
30999
29680
16390
32375
18132
19335
13301
19830
22927
15617
11286
22499
27000
19181
13113
16982
21234
30477
17861
17731
16140
20863
30398
10494
19641
20061
12529
10008
21142
24005
14927
18061
22038
24485
14074
16753
14298
27531
12898
31093
25342
21703
14828
12050
14087
23348
14680
10769
17170
13963
21696
11446
10431
16011
23641
13573
16826
12040
15057
21571
22879
16702
21745
23209
28156
13175
18614
18365
10031
23883
19070
22618
14899
13616
16103
15480
10620
31387
25063
11900
10629
16193
17299
12735
13507
28569
22360
25122
26927
14933
17188
13844
14677
11449
11249
30076
27371
11054
20780
18343
17520
14782
26337
12011
18462
19549
23269
27645
14154
26888
18219
29512
11252
19351
19618
18916
17316
10472
19028
15391
13453
17391
13555
24072
10366
24771
22502
16509
25308
13089
20581
23274
15177
27818
20268
12279
17960
21246
27029
12171
26330
20024
27084
20693
20110
31643
18824
21329
14000
15340
23576
11209
10277
16098
12303
21804
13851
17125
13224
26282
24622
13408
16077
18256
26731
20637
22459
15795
11670
22626
15830
15250
26224
14184
10987
21118
10544
11785
22754
21316
23080
23581
26355
23493
27480
29054
12903
15638
12000
19701
32493
22977
17823
12524
29881
11921
19770
17931
14354
22344
19385
13927
15040
16663
12887
24456
12289
27233
12369
26662
15084
28884
14129
13282
14529
17716
14432
19676
13617
26285
17295
32424
22086
18500
16260
14837
28619
24077
13726
10729
10664
18536
21430
26629
29905
27648
11146
13082
31669
14657
11557
21000
26841
22126
16742
20408
25930
13148
16493
13069
18498
16972
14738
13883
20588
16868
17705
11338
29747
23536
25886
20546
14121
21347
20898
11178
28306
26349
21709
21256
27566
16021
14010
12516
13001
15928
31265
11928
20446
10556
11107
22168
12392
13687
16683
19790
17605
25952
31216
17881
23135
21006
17139
11882
10318
20044
18120
32150
18128
13967
17517
12390
22092
23300
11302
22009
12343
17351
16608
13166
14638
11464
24757
24544
20272
24182
13494
15197
21135
10353
18145
20998
10255
21721
10152
21743
19280
31148
25794
22693
26263
21934
10791
25111
31101
11942
26423
10385
27640
11117
30409
17150
10445
28990
12603
22643
11798
17288
22959
13077
13231
10302
19568
15893
25264
24298
11867
23334
17817
17129
10220
23097
10210
15609
12653
30204
12531
13907
12134
24234
14470
19840
13905
21302
10045
10027
12660
12109
23415
29405
12885
14879
13429
13020
10174
24516
10844
12266
12598
11561
25289
17834
17847
15643
20687
11718
11971
11653
26387
11319
24161
26475
21780
28473
12967
22870
10764
27295
22420
30768
28194
14477
15128
10832
15364
10686
19057
14381
17842
13459
17747
22185
10696
12751
28417
25962
32908
19612
15610
30535
18251
18006
14547
29567
32501
13134
24206
13735
20890
11344
27098
14174
20653
21653
16439
12375
21725
15534
19481
14889
34595
12158
12143
17870
15937
28406
13537
10677
24648
14578
15388
12678
13850
21486
21512
27880
19590
17124
29262
18518
15977
23044
31817
13306
17184
13118
27030
12960
12566
12771
22730
11281
17897
20066
17876
12294
15334
16933
20092
13517
18839
16236
28742
12322
21475
15090
26529
11495
30018
15679
11073
10667
19422
13062
34668
28740
18745
23024
20022
28446
23325
13476
31782
17423
11676
24218
17866
27410
17420
13941
21979
11061
23297
18369
13210
15735
26043
19266
26084
31995
11959
24530
19874
13942
18505
21524
22713
11914
10755
20438
19474
15232
16468
22316
12210
25450
32119
26974
23791
13973
20614
16956
12254
12579
24170
15429
10970
26987
23833
22681
11506
21906
11854
18946
28322
20251
24343
14082
16671
13648
13639
11472
23876
21281
17923
18918
30155
10782
10132
11701
12927
11548
29124
18738
16014
23140
12193
22518
12901
25507
22077
24184
21253
28328
13560
17918
29250
18362
13274
14193
26777
18199
10759
20090
31519
11349
11196
10117
18763
24835
19264
23188
21218
24326
11582
23081
13576
12420
24468
12584
12635
17787
26047
27378
18915
14313
13966cd ../W3.8

24669
12311
14668
15037
11427
11173
27914
15595
33925
25755
10822
11688
11531
30456
15560
28249
13171
19599
24178
17378
16347
15486
20140
26131
19655
24982
13354
24068
21297
30832
14843
21056
25976
29722
11007
12423
20439
20412
13939
15163
25469
14413
14799
29464
21877
